(base) PS C:\Users\86769\_c++_File\RM\task3\code\out\build\release> armorsim
装甲板运动模拟 (帧率: 100fps, Δt = 10ms)
初始位置: (0, 0), 初始速度: (2, 3)
观测噪声标准差: 0.5, 过程噪声标准差: 0.1

=== 恒定速度运动 ===
  Time    True X    True Y     Vel X     Vel Y
----------------------------------------------
 0.000     0.000     0.000     2.000     3.000
 0.010     0.020     0.030     2.000     3.000
 0.020     0.040     0.060     2.000     3.000
 0.030     0.060     0.090     2.000     3.000
 0.040     0.080     0.120     2.000     3.000
 0.050     0.100     0.150     2.000     3.000
 0.060     0.120     0.180     2.000     3.000
 0.070     0.140     0.210     2.000     3.000
 0.080     0.160     0.240     2.000     3.000
 0.090     0.180     0.270     2.000     3.000
 0.100     0.200     0.300     2.000     3.000
 0.110     0.220     0.330     2.000     3.000
 0.120     0.240     0.360     2.000     3.000
 0.130     0.260     0.390     2.000     3.000
 0.140     0.280     0.420     2.000     3.000
 0.150     0.300     0.450     2.000     3.000
 0.160     0.320     0.480     2.000     3.000
 0.170     0.340     0.510     2.000     3.000
 0.180     0.360     0.540     2.000     3.000
 0.190     0.380     0.570     2.000     3.000
 0.200     0.400     0.600     2.000     3.000
 0.210     0.420     0.630     2.000     3.000
 0.220     0.440     0.660     2.000     3.000
 0.230     0.460     0.690     2.000     3.000
 0.240     0.480     0.720     2.000     3.000
 0.250     0.500     0.750     2.000     3.000
 0.260     0.520     0.780     2.000     3.000
 0.270     0.540     0.810     2.000     3.000
 0.280     0.560     0.840     2.000     3.000
 0.290     0.580     0.870     2.000     3.000
 0.300     0.600     0.900     2.000     3.000
 0.310     0.620     0.930     2.000     3.000
 0.320     0.640     0.960     2.000     3.000
 0.330     0.660     0.990     2.000     3.000
 0.340     0.680     1.020     2.000     3.000
 0.350     0.700     1.050     2.000     3.000
 0.360     0.720     1.080     2.000     3.000
 0.370     0.740     1.110     2.000     3.000
 0.380     0.760     1.140     2.000     3.000
 0.390     0.780     1.170     2.000     3.000
 0.400     0.800     1.200     2.000     3.000
 0.410     0.820     1.230     2.000     3.000
 0.420     0.840     1.260     2.000     3.000
 0.430     0.860     1.290     2.000     3.000
 0.440     0.880     1.320     2.000     3.000
 0.450     0.900     1.350     2.000     3.000
 0.460     0.920     1.380     2.000     3.000
 0.470     0.940     1.410     2.000     3.000
 0.480     0.960     1.440     2.000     3.000
 0.490     0.980     1.470     2.000     3.000
 0.500     1.000     1.500     2.000     3.000
 0.510     1.020     1.530     2.000     3.000
 0.520     1.040     1.560     2.000     3.000
 0.530     1.060     1.590     2.000     3.000
 0.540     1.080     1.620     2.000     3.000
 0.550     1.100     1.650     2.000     3.000
 0.560     1.120     1.680     2.000     3.000
 0.570     1.140     1.710     2.000     3.000
 0.580     1.160     1.740     2.000     3.000
 0.590     1.180     1.770     2.000     3.000
 0.600     1.200     1.800     2.000     3.000
 0.610     1.220     1.830     2.000     3.000
 0.620     1.240     1.860     2.000     3.000
 0.630     1.260     1.890     2.000     3.000
 0.640     1.280     1.920     2.000     3.000
 0.650     1.300     1.950     2.000     3.000
 0.660     1.320     1.980     2.000     3.000
 0.670     1.340     2.010     2.000     3.000
 0.680     1.360     2.040     2.000     3.000
 0.690     1.380     2.070     2.000     3.000
 0.700     1.400     2.100     2.000     3.000
 0.710     1.420     2.130     2.000     3.000
 0.720     1.440     2.160     2.000     3.000
 0.730     1.460     2.190     2.000     3.000
 0.740     1.480     2.220     2.000     3.000
 0.750     1.500     2.250     2.000     3.000
 0.760     1.520     2.280     2.000     3.000
 0.770     1.540     2.310     2.000     3.000
 0.780     1.560     2.340     2.000     3.000
 0.790     1.580     2.370     2.000     3.000
 0.800     1.600     2.400     2.000     3.000
 0.810     1.620     2.430     2.000     3.000
 0.820     1.640     2.460     2.000     3.000
 0.830     1.660     2.490     2.000     3.000
 0.840     1.680     2.520     2.000     3.000
 0.850     1.700     2.550     2.000     3.000
 0.860     1.720     2.580     2.000     3.000
 0.870     1.740     2.610     2.000     3.000
 0.880     1.760     2.640     2.000     3.000
 0.890     1.780     2.670     2.000     3.000
 0.900     1.800     2.700     2.000     3.000
 0.910     1.820     2.730     2.000     3.000
 0.920     1.840     2.760     2.000     3.000
 0.930     1.860     2.790     2.000     3.000
 0.940     1.880     2.820     2.000     3.000
 0.950     1.900     2.850     2.000     3.000
 0.960     1.920     2.880     2.000     3.000
 0.970     1.940     2.910     2.000     3.000
 0.980     1.960     2.940     2.000     3.000
 0.990     1.980     2.970     2.000     3.000
 1.000     2.000     3.000     2.000     3.000

=== 带观测噪声的运动 ===
  Time  Observed X  Observed Y    Noisy VX    Noisy VY
------------------------------------------------------------
 0.000      -0.061      -0.543       2.000       3.000
 0.010       0.362      -0.508       2.000       3.000
 0.020       0.057       0.432       2.000       3.000
 0.030       0.077      -0.173       2.000       3.000
 0.040       0.311       0.220       2.000       3.000
 0.050       1.162       0.336       2.000       3.000
 0.060       0.630       0.572       2.000       3.000
 0.070       0.076       0.042       2.000       3.000
 0.080      -0.184       0.894       2.000       3.000
 0.090      -0.288      -1.066       2.000       3.000
 0.100      -0.186       0.039       2.000       3.000
 0.110      -0.788       0.355       2.000       3.000
 0.120      -0.207       0.353       2.000       3.000
 0.130       0.168       0.050       2.000       3.000
 0.140       0.243       0.849       2.000       3.000
 0.150       0.488       0.075       2.000       3.000
 0.160       1.021       0.883       2.000       3.000
 0.170       0.172       0.846       2.000       3.000
 0.180       0.966       0.563       2.000       3.000
 0.190       0.237       1.145       2.000       3.000
 0.200      -0.257       0.534       2.000       3.000
 0.210       0.185       0.666       2.000       3.000
 0.220       1.277       0.655       2.000       3.000
 0.230       0.257       0.532       2.000       3.000
 0.240       0.177      -0.078       2.000       3.000
 0.250       0.006       1.149       2.000       3.000
 0.260       1.072       0.117       2.000       3.000
 0.270       0.054       1.595       2.000       3.000
 0.280       0.639       0.759       2.000       3.000
 0.290       1.289      -0.127       2.000       3.000
 0.300       0.884       0.893       2.000       3.000
 0.310       0.878       0.331       2.000       3.000
 0.320       1.198       1.239       2.000       3.000
 0.330      -0.058       0.933       2.000       3.000
 0.340       1.151       0.911       2.000       3.000
 0.350       0.491       0.526       2.000       3.000
 0.360       0.653       0.530       2.000       3.000
 0.370       1.113       1.069       2.000       3.000
 0.380       0.808       1.107       2.000       3.000
 0.390       0.789       1.741       2.000       3.000
 0.400       0.721       1.864       2.000       3.000
 0.410       1.371       1.455       2.000       3.000
 0.420       0.906       1.290       2.000       3.000
 0.430       0.923       0.364       2.000       3.000
 0.440       1.375       1.207       2.000       3.000
 0.450       1.365       1.845       2.000       3.000
 0.460       0.549       1.401       2.000       3.000
 0.470       1.942       1.349       2.000       3.000
 0.480       1.348       0.012       2.000       3.000
 0.490       1.653       1.338       2.000       3.000
 0.500       0.753       1.294       2.000       3.000
 0.510       0.730       2.332       2.000       3.000
 0.520       1.498       1.806       2.000       3.000
 0.530       0.439       1.871       2.000       3.000
 0.540       1.356       1.551       2.000       3.000
 0.550       0.637       1.156       2.000       3.000
 0.560       0.768       2.139       2.000       3.000
 0.570       0.948       2.312       2.000       3.000
 0.580       0.981       1.571       2.000       3.000
 0.590       0.955       1.633       2.000       3.000
 0.600       1.799       2.074       2.000       3.000
 0.610       1.569       2.491       2.000       3.000
 0.620       0.412       2.309       2.000       3.000
 0.630       1.295       1.376       2.000       3.000
 0.640       2.108       2.279       2.000       3.000
 0.650       1.379       1.876       2.000       3.000
 0.660       0.387       2.268       2.000       3.000
 0.670       2.575       2.410       2.000       3.000
 0.680       0.384       1.520       2.000       3.000
 0.690       0.313       1.565       2.000       3.000
 0.700       1.322       1.967       2.000       3.000
 0.710       2.007       2.583       2.000       3.000
 0.720       2.459       1.910       2.000       3.000
 0.730       0.923       2.352       2.000       3.000
 0.740       1.635       1.157       2.000       3.000
 0.750       1.423       2.850       2.000       3.000
 0.760       2.305       2.082       2.000       3.000
 0.770       2.068       2.717       2.000       3.000
 0.780       1.683       2.542       2.000       3.000
 0.790       1.584       2.260       2.000       3.000
 0.800       0.865       2.514       2.000       3.000
 0.810       2.343       2.868       2.000       3.000
 0.820       1.226       1.750       2.000       3.000
 0.830       1.336       2.335       2.000       3.000
 0.840       1.432       2.105       2.000       3.000
 0.850       2.823       1.303       2.000       3.000
 0.860       1.847       2.447       2.000       3.000
 0.870       0.837       3.026       2.000       3.000
 0.880       1.755       2.395       2.000       3.000
 0.890       1.908       3.513       2.000       3.000
 0.900       1.708       2.588       2.000       3.000
 0.910       1.346       2.875       2.000       3.000
 0.920       1.592       1.972       2.000       3.000
 0.930       1.982       2.977       2.000       3.000
 0.940       2.871       2.532       2.000       3.000
 0.950       2.016       2.131       2.000       3.000
 0.960       1.788       2.252       2.000       3.000
 0.970       2.387       3.159       2.000       3.000
 0.980       1.583       3.347       2.000       3.000
 0.990       2.358       3.378       2.000       3.000
 1.000       1.940       3.023       2.000       3.000

=== 带过程噪声和观测噪声的运动 ===
  Time  Observed X  Observed Y    Noisy VX    Noisy VY
------------------------------------------------------------
 0.000       0.324      -0.591       2.000       3.000
 0.010      -0.135      -0.123       1.869       2.937
 0.020      -0.036       0.078       1.910       2.952
 0.030      -0.315       0.105       1.900       2.957
 0.040      -0.059      -0.288       1.828       3.010
 0.050       0.495       0.665       1.908       2.830
 0.060      -0.675       0.040       1.890       2.887
 0.070       0.205      -0.541       1.722       2.825
 0.080      -0.233      -0.883       1.764       2.896
 0.090      -0.649       0.831       1.660       2.951
 0.100       0.745      -0.434       1.786       2.955
 0.110       0.332       0.064       1.634       2.965
 0.120       0.129      -0.430       1.562       2.824
 0.130       0.449      -0.624       1.571       2.782
 0.140       0.546       0.503       1.613       2.773
 0.150      -0.088       0.298       1.643       2.902
 0.160       0.009      -0.082       1.763       3.007
 0.170       0.109       0.529       1.725       2.958
 0.180       0.255       0.904       1.713       2.966
 0.190      -0.287       0.589       1.749       3.082
 0.200       0.640       1.571       1.854       3.330
 0.210       0.427      -0.844       1.933       3.515
 0.220       1.464       1.154       1.935       3.464
 0.230       0.345       1.650       1.927       3.620
 0.240       0.552      -0.169       1.826       3.716
 0.250       0.605       0.654       1.878       3.574
 0.260       0.652       0.449       1.931       3.593
 0.270       0.881      -0.084       2.053       3.519
 0.280       0.397       0.763       2.194       3.515
 0.290       0.273       0.990       2.073       3.325
 0.300       1.183       1.113       1.895       3.343
 0.310       0.483       1.072       1.907       3.409
 0.320       1.466       0.585       1.871       3.428
 0.330       0.588       1.519       1.928       3.494
 0.340       0.603       0.667       2.078       3.396
 0.350       0.606      -0.746       1.971       3.537
 0.360       0.830       0.478       1.954       3.461
 0.370       0.145       1.331       1.774       3.578
 0.380       1.795       1.062       1.729       3.692
 0.390       0.272       1.041       1.674       3.808
 0.400       1.104       1.377       1.550       3.920
 0.410       0.966       1.859       1.377       3.932
 0.420       1.310       1.673       1.257       3.917
 0.430       0.308       1.789       1.157       3.800
 0.440      -0.170       2.263       1.092       3.781
 0.450       0.311       2.666       0.998       3.644
 0.460       0.863       0.819       1.101       3.671
 0.470       1.435       2.240       1.179       3.722
 0.480      -0.019       1.372       0.980       3.761
 0.490       0.112       1.909       1.024       3.559
 0.500       1.607       2.206       1.071       3.517
 0.510       0.625       1.788       1.020       3.711
 0.520       0.978       2.175       0.939       3.656
 0.530       0.195       1.622       1.003       3.834
 0.540       1.174       1.798       0.911       3.752
 0.550       0.944       2.112       0.978       3.685
 0.560       0.393       1.893       0.979       3.576
 0.570       1.407       2.128       0.873       3.733
 0.580       1.233       2.778       0.845       3.654
 0.590       1.314       2.162       0.815       3.622
 0.600       0.611       2.483       0.943       3.520
 0.610       0.778       2.805       0.876       3.571
 0.620       0.653       2.423       0.861       3.597
 0.630       0.200       2.767       0.927       3.579
 0.640       0.395       2.949       0.985       3.518
 0.650       1.566       2.026       1.047       3.493
 0.660       1.178       2.434       1.139       3.304
 0.670       1.102       2.427       0.945       3.220
 0.680       0.644       2.122       0.999       3.354
 0.690       1.411       1.800       0.973       3.516
 0.700       0.752       2.444       0.934       3.465
 0.710       0.909       1.659       0.983       3.319
 0.720       1.219       2.958       0.986       3.395
 0.730       0.566       2.561       1.135       3.523
 0.740       0.936       2.935       1.148       3.411
 0.750       2.020       2.306       1.201       3.386
 0.760       1.870       1.164       0.962       3.309
 0.770       0.798       1.830       0.881       3.477
 0.780       0.121       2.609       0.964       3.616
 0.790       0.573       2.407       0.933       3.516
 0.800       2.370       2.879       0.792       3.536
 0.810       2.459       3.192       0.749       3.572
 0.820       1.757       2.384       0.839       3.618
 0.830       1.919       3.584       0.960       3.406
 0.840       1.037       2.253       0.949       3.374
 0.850       1.108       2.493       0.869       3.511
 0.860       0.844       2.959       0.938       3.324
 0.870       1.798       3.051       0.950       3.227
 0.880       0.893       3.071       0.900       3.149
 0.890       0.549       2.875       0.897       3.155
 0.900       0.773       3.317       0.974       3.270
 0.910      -0.180       3.848       1.026       3.170
 0.920       1.664       3.289       1.014       3.081
 0.930       1.325       3.654       1.029       2.986
 0.940       2.073       3.341       1.103       2.984
 0.950       1.137       3.449       1.061       2.871
 0.960       0.850       3.274       1.111       2.952
 0.970       1.665       3.907       1.042       3.054
 0.980       1.162       2.728       1.026       2.935
 0.990       1.881       2.640       0.907       2.799
 1.000       0.914       2.959       0.740       2.793